*3DSMAX_ASCIIEXPORT	200
*COMMENT "AsciiExport Version  2,00 - Fri Sep 23 11:32:06 2016"
*SCENE {
	*SCENE_FILENAME ""
	*SCENE_FIRSTFRAME 0
	*SCENE_LASTFRAME 100
	*SCENE_FRAMESPEED 30
	*SCENE_TICKSPERFRAME 160
	*SCENE_BACKGROUND_STATIC 0.0000	0.0000	0.0000
	*SCENE_AMBIENT_STATIC 0.0000	0.0000	0.0000
}
*MATERIAL_LIST {
	*MATERIAL_COUNT 1
	*MATERIAL 0 {
		*MATERIAL_NAME "MultiMat_0"
		*MATERIAL_CLASS "Multi/Sub-Object"
		*MATERIAL_AMBIENT 0.5880	0.5880	0.5880
		*MATERIAL_DIFFUSE 0.5880	0.5880	0.5880
		*MATERIAL_SPECULAR 0.9000	0.9000	0.9000
		*MATERIAL_SHINE 0.1000
		*MATERIAL_SHINESTRENGTH 0.0000
		*MATERIAL_TRANSPARENCY 0.0000
		*MATERIAL_WIRESIZE 1.0000
		*NUMSUBMTLS 3
		*SUBMATERIAL 0 {
			*MATERIAL_NAME "Body"
			*MATERIAL_CLASS "Standard"
			*MATERIAL_AMBIENT 0.5880	0.5880	0.5880
			*MATERIAL_DIFFUSE 0.5880	0.5880	0.5880
			*MATERIAL_SPECULAR 0.9000	0.9000	0.9000
			*MATERIAL_SHINE 0.1000
			*MATERIAL_SHINESTRENGTH 0.0000
			*MATERIAL_TRANSPARENCY 0.0000
			*MATERIAL_WIRESIZE 1.0000
			*MATERIAL_SHADING Phong
			*MATERIAL_XP_FALLOFF 0.0000
			*MATERIAL_SELFILLUM 0.0000
			*MATERIAL_FALLOFF In
			*MATERIAL_XP_TYPE Filter
			*MAP_DIFFUSE {
				*MAP_NAME "Map #1"
				*MAP_CLASS "Bitmap"
				*MAP_SUBNO 1
				*MAP_AMOUNT 1.0000
				*BITMAP "C:\Users\diego\Downloads\Scyther\images\pm0123_00_Body1.png"
				*MAP_TYPE Screen
				*UVW_U_OFFSET -0.0000
				*UVW_V_OFFSET -0.0000
				*UVW_U_TILING 1.0000
				*UVW_V_TILING 1.0000
				*UVW_ANGLE 0.0000
				*UVW_BLUR 1.0000
				*UVW_BLUR_OFFSET 0.0000
				*UVW_NOUSE_AMT 1.0000
				*UVW_NOISE_SIZE 1.0000
				*UVW_NOISE_LEVEL 1
				*UVW_NOISE_PHASE 0.0000
				*BITMAP_FILTER Pyramidal
			}
		}
		*SUBMATERIAL 1 {
			*MATERIAL_NAME "Eye"
			*MATERIAL_CLASS "Standard"
			*MATERIAL_AMBIENT 0.5880	0.5880	0.5880
			*MATERIAL_DIFFUSE 0.5880	0.5880	0.5880
			*MATERIAL_SPECULAR 0.9000	0.9000	0.9000
			*MATERIAL_SHINE 0.1000
			*MATERIAL_SHINESTRENGTH 0.0000
			*MATERIAL_TRANSPARENCY 0.0000
			*MATERIAL_WIRESIZE 1.0000
			*MATERIAL_SHADING Phong
			*MATERIAL_XP_FALLOFF 0.0000
			*MATERIAL_SELFILLUM 0.0000
			*MATERIAL_FALLOFF In
			*MATERIAL_XP_TYPE Filter
			*MAP_DIFFUSE {
				*MAP_NAME "Map #2"
				*MAP_CLASS "Bitmap"
				*MAP_SUBNO 1
				*MAP_AMOUNT 1.0000
				*BITMAP "C:\Users\diego\Downloads\Scyther\images\pm0123_00_Eye1.png"
				*MAP_TYPE Screen
				*UVW_U_OFFSET -0.0000
				*UVW_V_OFFSET -0.0000
				*UVW_U_TILING 1.0000
				*UVW_V_TILING 1.0000
				*UVW_ANGLE 0.0000
				*UVW_BLUR 1.0000
				*UVW_BLUR_OFFSET 0.0000
				*UVW_NOUSE_AMT 1.0000
				*UVW_NOISE_SIZE 1.0000
				*UVW_NOISE_LEVEL 1
				*UVW_NOISE_PHASE 0.0000
				*BITMAP_FILTER Pyramidal
			}
		}
		*SUBMATERIAL 2 {
			*MATERIAL_NAME "Iris"
			*MATERIAL_CLASS "Standard"
			*MATERIAL_AMBIENT 0.5880	0.5880	0.5880
			*MATERIAL_DIFFUSE 0.5880	0.5880	0.5880
			*MATERIAL_SPECULAR 0.9000	0.9000	0.9000
			*MATERIAL_SHINE 0.1000
			*MATERIAL_SHINESTRENGTH 0.0000
			*MATERIAL_TRANSPARENCY 0.0000
			*MATERIAL_WIRESIZE 1.0000
			*MATERIAL_SHADING Phong
			*MATERIAL_XP_FALLOFF 0.0000
			*MATERIAL_SELFILLUM 0.0000
			*MATERIAL_FALLOFF In
			*MATERIAL_XP_TYPE Filter
			*MAP_DIFFUSE {
				*MAP_NAME "Map #3"
				*MAP_CLASS "Bitmap"
				*MAP_SUBNO 1
				*MAP_AMOUNT 1.0000
				*BITMAP "C:\Users\diego\Downloads\Scyther\images\pm0123_00_Iris1.png"
				*MAP_TYPE Screen
				*UVW_U_OFFSET -0.0000
				*UVW_V_OFFSET -0.0000
				*UVW_U_TILING 1.0000
				*UVW_V_TILING 1.0000
				*UVW_ANGLE 0.0000
				*UVW_BLUR 1.0000
				*UVW_BLUR_OFFSET 0.0000
				*UVW_NOUSE_AMT 1.0000
				*UVW_NOISE_SIZE 1.0000
				*UVW_NOISE_LEVEL 1
				*UVW_NOISE_PHASE 0.0000
				*BITMAP_FILTER Pyramidal
			}
			*MAP_OPACITY {
				*MAP_NAME "Map #3"
				*MAP_CLASS "Bitmap"
				*MAP_SUBNO 6
				*MAP_AMOUNT 1.0000
				*BITMAP "C:\Users\diego\Downloads\Scyther\images\pm0123_00_Iris1.png"
				*MAP_TYPE Screen
				*UVW_U_OFFSET -0.0000
				*UVW_V_OFFSET -0.0000
				*UVW_U_TILING 1.0000
				*UVW_V_TILING 1.0000
				*UVW_ANGLE 0.0000
				*UVW_BLUR 1.0000
				*UVW_BLUR_OFFSET 0.0000
				*UVW_NOUSE_AMT 1.0000
				*UVW_NOISE_SIZE 1.0000
				*UVW_NOISE_LEVEL 1
				*UVW_NOISE_PHASE 0.0000
				*BITMAP_FILTER Pyramidal
			}
		}
	}
}
*HELPEROBJECT {
	*NODE_NAME "pm0123_00_strike"
	*HELPER_CLASS "Dummy"
	*NODE_TM {
		*NODE_NAME "pm0123_00_strike"
		*INHERIT_POS 0 0 0
		*INHERIT_ROT 0 0 0
		*INHERIT_SCL 0 0 0
		*TM_ROW0 1.0000	0.0000	0.0000
		*TM_ROW1 0.0000	0.9937	-0.1124
		*TM_ROW2 0.0000	0.1124	0.9937
		*TM_ROW3 0.0000	-63.7588	84.8036
		*TM_POS 0.0000	-63.7588	84.8036
		*TM_ROTAXIS 1.0000	-0.0000	-0.0000
		*TM_ROTANGLE 0.1126
		*TM_SCALE 1.0000	1.0000	1.0000
		*TM_SCALEAXIS 0.0000	0.0000	0.0000
		*TM_SCALEAXISANG 0.0000
	}
	*BOUNDINGBOX_MIN -0.5000	-64.3118	84.2506
	*BOUNDINGBOX_MAX 0.5000	-63.2057	85.3567
}
*HELPEROBJECT {
	*NODE_NAME "Origin"
	*NODE_PARENT "pm0123_00_strike"
	*HELPER_CLASS "Dummy"
	*NODE_TM {
		*NODE_NAME "Origin"
		*INHERIT_POS 0 0 0
		*INHERIT_ROT 0 0 0
		*INHERIT_SCL 0 0 0
		*TM_ROW0 1.0000	0.0000	0.0000
		*TM_ROW1 0.0000	0.9937	-0.1124
		*TM_ROW2 0.0000	0.1124	0.9937
		*TM_ROW3 0.0000	-63.7588	84.8036
		*TM_POS 0.0000	-63.7588	84.8036
		*TM_ROTAXIS 1.0000	-0.0000	-0.0000
		*TM_ROTANGLE 0.1126
		*TM_SCALE 1.0000	1.0000	1.0000
		*TM_SCALEAXIS 0.0000	0.0000	0.0000
		*TM_SCALEAXISANG 0.0000
	}
	*BOUNDINGBOX_MIN -0.5000	-64.3118	84.2506
	*BOUNDINGBOX_MAX 0.5000	-63.2057	85.3567
}
*HELPEROBJECT {
	*NODE_NAME "Waist"
	*NODE_PARENT "Origin"
	*HELPER_CLASS "Dummy"
	*NODE_TM {
		*NODE_NAME "Waist"
		*INHERIT_POS 0 0 0
		*INHERIT_ROT 0 0 0
		*INHERIT_SCL 0 0 0
		*TM_ROW0 -0.0000	0.9998	-0.0206
		*TM_ROW1 -1.0000	-0.0000	0.0000
		*TM_ROW2 0.0000	0.0206	0.9998
		*TM_ROW3 0.0000	18.5783	76.5607
		*TM_POS 0.0000	18.5783	76.5607
		*TM_ROTAXIS 0.0103	-0.0103	-0.9999
		*TM_ROTANGLE 1.5709
		*TM_SCALE 1.0000	1.0000	1.0000
		*TM_SCALEAXIS 0.0000	0.0000	0.0000
		*TM_SCALEAXISANG 0.0000
	}
	*BOUNDINGBOX_MIN -0.5000	18.0681	76.0506
	*BOUNDINGBOX_MAX 0.5000	19.0885	77.0709
}
*HELPEROBJECT {
	*NODE_NAME "Hips"
	*NODE_PARENT "Waist"
	*HELPER_CLASS "Dummy"
	*NODE_TM {
		*NODE_NAME "Hips"
		*INHERIT_POS 0 0 0
		*INHERIT_ROT 0 0 0
		*INHERIT_SCL 0 0 0
		*TM_ROW0 0.0000	-0.9937	0.1124
		*TM_ROW1 1.0000	0.0000	-0.0000
		*TM_ROW2 0.0000	0.1124	0.9937
		*TM_ROW3 0.0000	18.5783	76.5607
		*TM_POS 0.0000	18.5783	76.5607
		*TM_ROTAXIS 0.0562	0.0562	0.9968
		*TM_ROTANGLE 1.5740
		*TM_SCALE 1.0000	1.0000	1.0000
		*TM_SCALEAXIS 0.0000	0.0000	0.0000
		*TM_SCALEAXISANG 0.0000
	}
	*BOUNDINGBOX_MIN -0.5000	18.0253	76.0077
	*BOUNDINGBOX_MAX 0.5000	19.1313	77.1138
}
*HELPEROBJECT {
	*NODE_NAME "EndHips"
	*NODE_PARENT "Hips"
	*HELPER_CLASS "Dummy"
	*NODE_TM {
		*NODE_NAME "EndHips"
		*INHERIT_POS 0 0 0
		*INHERIT_ROT 0 0 0
		*INHERIT_SCL 0 0 0
		*TM_ROW0 0.0000	-0.9937	0.1124
		*TM_ROW1 1.0000	0.0000	-0.0000
		*TM_ROW2 0.0000	0.1124	0.9937
		*TM_ROW3 0.0001	-46.7808	83.9547
		*TM_POS 0.0001	-46.7808	83.9547
		*TM_ROTAXIS 0.0562	0.0562	0.9968
		*TM_ROTANGLE 1.5740
		*TM_SCALE 1.0000	1.0000	1.0000
		*TM_SCALEAXIS 0.0000	0.0000	0.0000
		*TM_SCALEAXISANG 0.0000
	}
	*BOUNDINGBOX_MIN -0.4999	-47.3338	83.4016
	*BOUNDINGBOX_MAX 0.5001	-46.2277	84.5077
}
*HELPEROBJECT {
	*NODE_NAME "LThigh"
	*NODE_PARENT "Hips"
	*HELPER_CLASS "Dummy"
	*NODE_TM {
		*NODE_NAME "LThigh"
		*INHERIT_POS 0 0 0
		*INHERIT_ROT 0 0 0
		*INHERIT_SCL 0 0 0
		*TM_ROW0 0.0000	-0.9878	-0.1560
		*TM_ROW1 1.0000	0.0000	-0.0000
		*TM_ROW2 0.0000	-0.1560	0.9878
		*TM_ROW3 26.4400	-2.5370	77.8777
		*TM_POS 26.4400	-2.5370	77.8777
		*TM_ROTAXIS -0.0780	-0.0780	0.9939
		*TM_ROTANGLE 1.5769
		*TM_SCALE 1.0000	1.0000	1.0000
		*TM_SCALEAXIS 0.0000	0.0000	0.0000
		*TM_SCALEAXISANG 0.0000
	}
	*BOUNDINGBOX_MIN 25.9400	-3.1089	77.3058
	*BOUNDINGBOX_MAX 26.9400	-1.9652	78.4496
}
*HELPEROBJECT {
	*NODE_NAME "LLeg"
	*NODE_PARENT "LThigh"
	*HELPER_CLASS "Dummy"
	*NODE_TM {
		*NODE_NAME "LLeg"
		*INHERIT_POS 0 0 0
		*INHERIT_ROT 0 0 0
		*INHERIT_SCL 0 0 0
		*TM_ROW0 0.0000	-0.9494	0.3139
		*TM_ROW1 1.0000	0.0000	-0.0000
		*TM_ROW2 0.0000	0.3139	0.9494
		*TM_ROW3 26.4400	-28.3188	73.8057
		*TM_POS 26.4400	-28.3188	73.8057
		*TM_ROTAXIS 0.1570	0.1570	0.9750
		*TM_ROTANGLE 1.5961
		*TM_SCALE 1.0000	1.0000	1.0000
		*TM_SCALEAXIS 0.0000	0.0000	0.0000
		*TM_SCALEAXISANG 0.0000
	}
	*BOUNDINGBOX_MIN 25.9400	-28.9505	73.1740
	*BOUNDINGBOX_MAX 26.9400	-27.6871	74.4374
}
*HELPEROBJECT {
	*NODE_NAME "LFoot"
	*NODE_PARENT "LLeg"
	*HELPER_CLASS "Dummy"
	*NODE_TM {
		*NODE_NAME "LFoot"
		*INHERIT_POS 0 0 0
		*INHERIT_ROT 0 0 0
		*INHERIT_SCL 0 0 0
		*TM_ROW0 0.0000	0.1124	0.9937
		*TM_ROW1 0.9999	-0.0145	0.0016
		*TM_ROW2 0.0146	0.9936	-0.1124
		*TM_ROW3 26.4401	-49.5341	80.8207
		*TM_POS 26.4401	-49.5341	80.8207
		*TM_ROTAXIS -0.6003	-0.5925	-0.5371
		*TM_ROTANGLE 4.1138
		*TM_SCALE 1.0000	1.0000	1.0000
		*TM_SCALEAXIS -0.4039	0.9144	0.0257
		*TM_SCALEAXISANG 0.0677
	}
	*BOUNDINGBOX_MIN 25.9328	-50.0944	80.2668
	*BOUNDINGBOX_MAX 26.9473	-48.9739	81.3745
}
*HELPEROBJECT {
	*NODE_NAME "EndLFoot"
	*NODE_PARENT "LFoot"
	*HELPER_CLASS "Dummy"
	*NODE_TM {
		*NODE_NAME "EndLFoot"
		*INHERIT_POS 0 0 0
		*INHERIT_ROT 0 0 0
		*INHERIT_SCL 0 0 0
		*TM_ROW0 0.0000	0.1124	0.9937
		*TM_ROW1 0.9999	-0.0145	0.0016
		*TM_ROW2 0.0146	0.9936	-0.1124
		*TM_ROW3 26.4402	-47.1109	102.2414
		*TM_POS 26.4402	-47.1109	102.2414
		*TM_ROTAXIS -0.6003	-0.5925	-0.5371
		*TM_ROTANGLE 4.1138
		*TM_SCALE 1.0000	1.0000	1.0000
		*TM_SCALEAXIS -0.4241	-0.9056	-0.0020
		*TM_SCALEAXISANG 0.0687
	}
	*BOUNDINGBOX_MIN 25.9329	-47.6711	101.6876
	*BOUNDINGBOX_MAX 26.9474	-46.5507	102.7953
}
*HELPEROBJECT {
	*NODE_NAME "LToe"
	*NODE_PARENT "LFoot"
	*HELPER_CLASS "Dummy"
	*NODE_TM {
		*NODE_NAME "LToe"
		*INHERIT_POS 0 0 0
		*INHERIT_ROT 0 0 0
		*INHERIT_SCL 0 0 0
		*TM_ROW0 0.0000	0.1124	0.9937
		*TM_ROW1 0.9999	-0.0145	0.0016
		*TM_ROW2 0.0146	0.9936	-0.1124
		*TM_ROW3 26.3043	-57.4328	93.7973
		*TM_POS 26.3043	-57.4328	93.7973
		*TM_ROTAXIS -0.6003	-0.5925	-0.5371
		*TM_ROTANGLE 4.1138
		*TM_SCALE 1.0000	1.0000	1.0000
		*TM_SCALEAXIS -0.4241	-0.9056	-0.0020
		*TM_SCALEAXISANG 0.0687
	}
	*BOUNDINGBOX_MIN 25.7971	-57.9931	93.2435
	*BOUNDINGBOX_MAX 26.8115	-56.8726	94.3512
}
*HELPEROBJECT {
	*NODE_NAME "EndLToe"
	*NODE_PARENT "LToe"
	*HELPER_CLASS "Dummy"
	*NODE_TM {
		*NODE_NAME "EndLToe"
		*INHERIT_POS 0 0 0
		*INHERIT_ROT 0 0 0
		*INHERIT_SCL 0 0 0
		*TM_ROW0 0.0000	0.1124	0.9937
		*TM_ROW1 0.9999	-0.0145	0.0016
		*TM_ROW2 0.0146	0.9936	-0.1124
		*TM_ROW3 26.3044	-55.0096	115.2181
		*TM_POS 26.3044	-55.0096	115.2181
		*TM_ROTAXIS -0.6003	-0.5925	-0.5371
		*TM_ROTANGLE 4.1138
		*TM_SCALE 1.0000	1.0000	1.0000
		*TM_SCALEAXIS -0.9330	-0.3599	0.0077
		*TM_SCALEAXISANG 0.0289
	}
	*BOUNDINGBOX_MIN 25.7971	-55.5699	114.6642
	*BOUNDINGBOX_MAX 26.8116	-54.4494	115.7719
}
*HELPEROBJECT {
	*NODE_NAME "RThigh"
	*NODE_PARENT "Hips"
	*HELPER_CLASS "Dummy"
	*NODE_TM {
		*NODE_NAME "RThigh"
		*INHERIT_POS 0 0 0
		*INHERIT_ROT 0 0 0
		*INHERIT_SCL 0 0 0
		*TM_ROW0 0.0000	-0.9878	-0.1560
		*TM_ROW1 1.0000	0.0000	-0.0000
		*TM_ROW2 0.0000	-0.1560	0.9878
		*TM_ROW3 -26.4400	-2.5371	77.8777
		*TM_POS -26.4400	-2.5371	77.8777
		*TM_ROTAXIS -0.0780	-0.0780	0.9939
		*TM_ROTANGLE 1.5769
		*TM_SCALE 1.0000	1.0000	1.0000
		*TM_SCALEAXIS 0.0000	0.0000	0.0000
		*TM_SCALEAXISANG 0.0000
	}
	*BOUNDINGBOX_MIN -26.9400	-3.1090	77.3058
	*BOUNDINGBOX_MAX -25.9400	-1.9652	78.4496
}
*HELPEROBJECT {
	*NODE_NAME "RLeg"
	*NODE_PARENT "RThigh"
	*HELPER_CLASS "Dummy"
	*NODE_TM {
		*NODE_NAME "RLeg"
		*INHERIT_POS 0 0 0
		*INHERIT_ROT 0 0 0
		*INHERIT_SCL 0 0 0
		*TM_ROW0 0.0000	-0.9494	0.3139
		*TM_ROW1 1.0000	0.0000	-0.0000
		*TM_ROW2 0.0000	0.3139	0.9494
		*TM_ROW3 -26.4400	-28.3189	73.8057
		*TM_POS -26.4400	-28.3189	73.8057
		*TM_ROTAXIS 0.1570	0.1570	0.9750
		*TM_ROTANGLE 1.5961
		*TM_SCALE 1.0000	1.0000	1.0000
		*TM_SCALEAXIS 0.0000	0.0000	0.0000
		*TM_SCALEAXISANG 0.0000
	}
	*BOUNDINGBOX_MIN -26.9400	-28.9506	73.1740
	*BOUNDINGBOX_MAX -25.9400	-27.6872	74.4374
}
*HELPEROBJECT {
	*NODE_NAME "RFoot"
	*NODE_PARENT "RLeg"
	*HELPER_CLASS "Dummy"
	*NODE_TM {
		*NODE_NAME "RFoot"
		*INHERIT_POS 0 0 0
		*INHERIT_ROT 0 0 0
		*INHERIT_SCL 0 0 0
		*TM_ROW0 0.0000	0.1124	0.9937
		*TM_ROW1 0.9999	-0.0145	0.0016
		*TM_ROW2 0.0146	0.9936	-0.1124
		*TM_ROW3 -26.4399	-49.5342	80.8207
		*TM_POS -26.4399	-49.5342	80.8207
		*TM_ROTAXIS -0.6003	-0.5925	-0.5371
		*TM_ROTANGLE 4.1138
		*TM_SCALE 1.0000	1.0000	1.0000
		*TM_SCALEAXIS -0.4039	0.9144	0.0257
		*TM_SCALEAXISANG 0.0677
	}
	*BOUNDINGBOX_MIN -26.9472	-50.0944	80.2668
	*BOUNDINGBOX_MAX -25.9327	-48.9740	81.3745
}
*HELPEROBJECT {
	*NODE_NAME "EndRFoot"
	*NODE_PARENT "RFoot"
	*HELPER_CLASS "Dummy"
	*NODE_TM {
		*NODE_NAME "EndRFoot"
		*INHERIT_POS 0 0 0
		*INHERIT_ROT 0 0 0
		*INHERIT_SCL 0 0 0
		*TM_ROW0 0.0000	0.1124	0.9937
		*TM_ROW1 0.9999	-0.0145	0.0016
		*TM_ROW2 0.0146	0.9936	-0.1124
		*TM_ROW3 -26.4399	-47.1109	102.2414
		*TM_POS -26.4399	-47.1109	102.2414
		*TM_ROTAXIS -0.6003	-0.5925	-0.5371
		*TM_ROTANGLE 4.1138
		*TM_SCALE 1.0000	1.0000	1.0000
		*TM_SCALEAXIS -0.4241	-0.9056	-0.0020
		*TM_SCALEAXISANG 0.0687
	}
	*BOUNDINGBOX_MIN -26.9471	-47.6712	101.6876
	*BOUNDINGBOX_MAX -25.9326	-46.5507	102.7953
}
*HELPEROBJECT {
	*NODE_NAME "RToe"
	*NODE_PARENT "RFoot"
	*HELPER_CLASS "Dummy"
	*NODE_TM {
		*NODE_NAME "RToe"
		*INHERIT_POS 0 0 0
		*INHERIT_ROT 0 0 0
		*INHERIT_SCL 0 0 0
		*TM_ROW0 0.0000	0.1124	0.9937
		*TM_ROW1 0.9999	-0.0145	0.0016
		*TM_ROW2 0.0146	0.9936	-0.1124
		*TM_ROW3 -26.5757	-57.4329	93.7973
		*TM_POS -26.5757	-57.4329	93.7973
		*TM_ROTAXIS -0.6003	-0.5925	-0.5371
		*TM_ROTANGLE 4.1138
		*TM_SCALE 1.0000	1.0000	1.0000
		*TM_SCALEAXIS -0.4241	-0.9056	-0.0020
		*TM_SCALEAXISANG 0.0687
	}
	*BOUNDINGBOX_MIN -27.0830	-57.9931	93.2434
	*BOUNDINGBOX_MAX -26.0685	-56.8727	94.3511
}
*HELPEROBJECT {
	*NODE_NAME "EndRToe"
	*NODE_PARENT "RToe"
	*HELPER_CLASS "Dummy"
	*NODE_TM {
		*NODE_NAME "EndRToe"
		*INHERIT_POS 0 0 0
		*INHERIT_ROT 0 0 0
		*INHERIT_SCL 0 0 0
		*TM_ROW0 0.0000	0.1124	0.9937
		*TM_ROW1 0.9999	-0.0145	0.0016
		*TM_ROW2 0.0146	0.9936	-0.1124
		*TM_ROW3 -26.5756	-55.0097	115.2181
		*TM_POS -26.5756	-55.0097	115.2181
		*TM_ROTAXIS -0.6003	-0.5925	-0.5371
		*TM_ROTANGLE 4.1138
		*TM_SCALE 1.0000	1.0000	1.0000
		*TM_SCALEAXIS -0.9330	-0.3599	0.0077
		*TM_SCALEAXISANG 0.0289
	}
	*BOUNDINGBOX_MIN -27.0829	-55.5699	114.6642
	*BOUNDINGBOX_MAX -26.0684	-54.4494	115.7719
}
*HELPEROBJECT {
	*NODE_NAME "Spine"
	*NODE_PARENT "Waist"
	*HELPER_CLASS "Dummy"
	*NODE_TM {
		*NODE_NAME "Spine"
		*INHERIT_POS 0 0 0
		*INHERIT_ROT 0 0 0
		*INHERIT_SCL 0 0 0
		*TM_ROW0 -0.0000	0.9998	-0.0206
		*TM_ROW1 -1.0000	-0.0000	0.0000
		*TM_ROW2 0.0000	0.0206	0.9998
		*TM_ROW3 0.0000	18.5783	76.5607
		*TM_POS 0.0000	18.5783	76.5607
		*TM_ROTAXIS 0.0103	-0.0103	-0.9999
		*TM_ROTANGLE 1.5709
		*TM_SCALE 1.0000	1.0000	1.0000
		*TM_SCALEAXIS 0.0000	0.0000	0.0000
		*TM_SCALEAXISANG 0.0000
	}
	*BOUNDINGBOX_MIN -0.5000	18.0681	76.0506
	*BOUNDINGBOX_MAX 0.5000	19.0885	77.0709
}
*HELPEROBJECT {
	*NODE_NAME "LFeelerA"
	*NODE_PARENT "Spine"
	*HELPER_CLASS "Dummy"
	*NODE_TM {
		*NODE_NAME "LFeelerA"
		*INHERIT_POS 0 0 0
		*INHERIT_ROT 0 0 0
		*INHERIT_SCL 0 0 0
		*TM_ROW0 0.0000	-0.1124	-0.9937
		*TM_ROW1 -0.0000	0.9937	-0.1124
		*TM_ROW2 1.0000	0.0000	0.0000
		*TM_ROW3 8.1987	46.7707	63.2053
		*TM_POS 8.1987	46.7707	63.2053
		*TM_ROTAXIS 0.0562	-0.9968	0.0562
		*TM_ROTANGLE 1.5740
		*TM_SCALE 1.0000	1.0000	1.0000
		*TM_SCALEAXIS 0.5127	-0.8585	-0.0000
		*TM_SCALEAXISANG 0.0000
	}
	*BOUNDINGBOX_MIN 7.6987	46.2177	62.6523
	*BOUNDINGBOX_MAX 8.6987	47.3238	63.7584
}
*HELPEROBJECT {
	*NODE_NAME "EndLFeelerA"
	*NODE_PARENT "LFeelerA"
	*HELPER_CLASS "Dummy"
	*NODE_TM {
		*NODE_NAME "EndLFeelerA"
		*INHERIT_POS 0 0 0
		*INHERIT_ROT 0 0 0
		*INHERIT_SCL 0 0 0
		*TM_ROW0 0.0000	-0.1124	-0.9937
		*TM_ROW1 -0.0000	0.9937	-0.1124
		*TM_ROW2 1.0000	0.0000	0.0000
		*TM_ROW3 8.1990	32.7742	-60.5194
		*TM_POS 8.1990	32.7742	-60.5194
		*TM_ROTAXIS 0.0562	-0.9968	0.0562
		*TM_ROTANGLE 1.5740
		*TM_SCALE 1.0000	1.0000	1.0000
		*TM_SCALEAXIS 0.0000	0.0000	0.0000
		*TM_SCALEAXISANG 0.0000
	}
	*BOUNDINGBOX_MIN 7.6990	32.2212	-61.0724
	*BOUNDINGBOX_MAX 8.6990	33.3272	-59.9663
}
*HELPEROBJECT {
	*NODE_NAME "LFeelerB"
	*NODE_PARENT "Spine"
	*HELPER_CLASS "Dummy"
	*NODE_TM {
		*NODE_NAME "LFeelerB"
		*INHERIT_POS 0 0 0
		*INHERIT_ROT 0 0 0
		*INHERIT_SCL 0 0 0
		*TM_ROW0 0.0000	-0.1124	-0.9937
		*TM_ROW1 -0.0000	0.9937	-0.1124
		*TM_ROW2 1.0000	0.0000	0.0000
		*TM_ROW3 10.9125	46.8980	64.3302
		*TM_POS 10.9125	46.8980	64.3302
		*TM_ROTAXIS 0.0562	-0.9968	0.0562
		*TM_ROTANGLE 1.5740
		*TM_SCALE 1.0000	1.0000	1.0000
		*TM_SCALEAXIS 0.5127	-0.8585	-0.0000
		*TM_SCALEAXISANG 0.0000
	}
	*BOUNDINGBOX_MIN 10.4125	46.3449	63.7772
	*BOUNDINGBOX_MAX 11.4125	47.4510	64.8833
}
*HELPEROBJECT {
	*NODE_NAME "EndLFeelerB"
	*NODE_PARENT "LFeelerB"
	*HELPER_CLASS "Dummy"
	*NODE_TM {
		*NODE_NAME "EndLFeelerB"
		*INHERIT_POS 0 0 0
		*INHERIT_ROT 0 0 0
		*INHERIT_SCL 0 0 0
		*TM_ROW0 0.0000	-0.1124	-0.9937
		*TM_ROW1 -0.0000	0.9937	-0.1124
		*TM_ROW2 1.0000	0.0000	0.0000
		*TM_ROW3 10.9127	37.3269	-20.2748
		*TM_POS 10.9127	37.3269	-20.2748
		*TM_ROTAXIS 0.0562	-0.9968	0.0562
		*TM_ROTANGLE 1.5740
		*TM_SCALE 1.0000	1.0000	1.0000
		*TM_SCALEAXIS 0.0000	0.0000	0.0000
		*TM_SCALEAXISANG 0.0000
	}
	*BOUNDINGBOX_MIN 10.4127	36.7739	-20.8279
	*BOUNDINGBOX_MAX 11.4127	37.8799	-19.7218
}
*HELPEROBJECT {
	*NODE_NAME "LShoulder"
	*NODE_PARENT "Spine"
	*HELPER_CLASS "Dummy"
	*NODE_TM {
		*NODE_NAME "LShoulder"
		*INHERIT_POS 0 0 0
		*INHERIT_ROT 0 0 0
		*INHERIT_SCL 0 0 0
		*TM_ROW0 0.9927	0.1199	-0.0136
		*TM_ROW1 -0.1207	0.9864	-0.1116
		*TM_ROW2 -0.0000	0.1124	0.9937
		*TM_ROW3 8.5150	43.9124	75.5519
		*TM_POS 8.5150	43.9124	75.5519
		*TM_ROTAXIS 0.6809	-0.0412	-0.7313
		*TM_ROTANGLE 0.1653
		*TM_SCALE 1.0000	1.0000	1.0000
		*TM_SCALEAXIS 0.0000	-0.0119	0.9999
		*TM_SCALEAXISANG 0.1289
	}
	*BOUNDINGBOX_MIN 7.9583	43.3031	74.9925
	*BOUNDINGBOX_MAX 9.0716	44.5218	76.1113
}
*HELPEROBJECT {
	*NODE_NAME "LArm"
	*NODE_PARENT "LShoulder"
	*HELPER_CLASS "Dummy"
	*NODE_TM {
		*NODE_NAME "LArm"
		*INHERIT_POS 0 0 0
		*INHERIT_ROT 0 0 0
		*INHERIT_SCL 0 0 0
		*TM_ROW0 0.9978	0.0075	0.0664
		*TM_ROW1 -0.0000	0.9937	-0.1124
		*TM_ROW2 -0.0668	0.1122	0.9914
		*TM_ROW3 28.2116	46.2916	75.2828
		*TM_POS 28.2116	46.2916	75.2828
		*TM_ROTAXIS 0.8596	0.5101	-0.0288
		*TM_ROTANGLE 0.1310
		*TM_SCALE 1.0000	1.0000	1.0000
		*TM_SCALEAXIS 0.2647	-0.6385	0.7227
		*TM_SCALEAXISANG 0.0696
	}
	*BOUNDINGBOX_MIN 27.6793	45.7350	74.6977
	*BOUNDINGBOX_MAX 28.7439	46.8483	75.8679
}
*HELPEROBJECT {
	*NODE_NAME "LForeArm"
	*NODE_PARENT "LArm"
	*HELPER_CLASS "Dummy"
	*NODE_TM {
		*NODE_NAME "LForeArm"
		*INHERIT_POS 0 0 0
		*INHERIT_ROT 0 0 0
		*INHERIT_SCL 0 0 0
		*TM_ROW0 0.9978	0.0075	0.0664
		*TM_ROW1 -0.0000	0.9937	-0.1124
		*TM_ROW2 -0.0668	0.1122	0.9914
		*TM_ROW3 57.0220	46.5088	77.2007
		*TM_POS 57.0220	46.5088	77.2007
		*TM_ROTAXIS 0.8596	0.5101	-0.0288
		*TM_ROTANGLE 0.1310
		*TM_SCALE 1.0000	1.0000	1.0000
		*TM_SCALEAXIS 0.2647	-0.6385	0.7227
		*TM_SCALEAXISANG 0.0696
	}
	*BOUNDINGBOX_MIN 56.4897	45.9521	76.6155
	*BOUNDINGBOX_MAX 57.5543	47.0655	77.7858
}
*HELPEROBJECT {
	*NODE_NAME "LHand"
	*NODE_PARENT "LForeArm"
	*HELPER_CLASS "Dummy"
	*NODE_TM {
		*NODE_NAME "LHand"
		*INHERIT_POS 0 0 0
		*INHERIT_ROT 0 0 0
		*INHERIT_SCL 0 0 0
		*TM_ROW0 0.9978	0.0075	0.0664
		*TM_ROW1 -0.0000	0.9937	-0.1124
		*TM_ROW2 -0.0668	0.1122	0.9914
		*TM_ROW3 121.9133	46.9979	81.5205
		*TM_POS 121.9133	46.9979	81.5205
		*TM_ROTAXIS 0.8596	0.5101	-0.0288
		*TM_ROTANGLE 0.1310
		*TM_SCALE 1.0000	1.0000	1.0000
		*TM_SCALEAXIS 0.2647	-0.6385	0.7227
		*TM_SCALEAXISANG 0.0696
	}
	*BOUNDINGBOX_MIN 121.3810	46.4413	80.9353
	*BOUNDINGBOX_MAX 122.4456	47.5546	82.1056
}
*HELPEROBJECT {
	*NODE_NAME "EndLHand"
	*NODE_PARENT "LHand"
	*HELPER_CLASS "Dummy"
	*NODE_TM {
		*NODE_NAME "EndLHand"
		*INHERIT_POS 0 0 0
		*INHERIT_ROT 0 0 0
		*INHERIT_SCL 0 0 0
		*TM_ROW0 0.9978	0.0075	0.0664
		*TM_ROW1 -0.0000	0.9937	-0.1124
		*TM_ROW2 -0.0668	0.1122	0.9914
		*TM_ROW3 154.6808	47.2449	83.7018
		*TM_POS 154.6808	47.2449	83.7018
		*TM_ROTAXIS 0.8596	0.5101	-0.0288
		*TM_ROTANGLE 0.1310
		*TM_SCALE 1.0000	1.0000	1.0000
		*TM_SCALEAXIS 0.2647	-0.6385	0.7227
		*TM_SCALEAXISANG 0.0696
	}
	*BOUNDINGBOX_MIN 154.1485	46.6883	83.1166
	*BOUNDINGBOX_MAX 155.2131	47.8016	84.2869
}
*HELPEROBJECT {
	*NODE_NAME "Neck"
	*NODE_PARENT "Spine"
	*HELPER_CLASS "Dummy"
	*NODE_TM {
		*NODE_NAME "Neck"
		*INHERIT_POS 0 0 0
		*INHERIT_ROT 0 0 0
		*INHERIT_SCL 0 0 0
		*TM_ROW0 -0.0000	0.8995	0.4369
		*TM_ROW1 -1.0000	-0.0000	0.0000
		*TM_ROW2 0.0000	-0.4369	0.8995
		*TM_ROW3 -0.0001	54.6392	75.8192
		*TM_POS -0.0001	54.6392	75.8192
		*TM_ROTAXIS -0.2187	0.2187	-0.9510
		*TM_ROTANGLE 1.6211
		*TM_SCALE 1.0000	1.0000	1.0000
		*TM_SCALEAXIS 0.0000	0.0000	0.0000
		*TM_SCALEAXISANG 0.0000
	}
	*BOUNDINGBOX_MIN -0.5001	53.9710	75.1510
	*BOUNDINGBOX_MAX 0.4999	55.3075	76.4874
}
*HELPEROBJECT {
	*NODE_NAME "Head"
	*NODE_PARENT "Neck"
	*HELPER_CLASS "Dummy"
	*NODE_TM {
		*NODE_NAME "Head"
		*INHERIT_POS 0 0 0
		*INHERIT_ROT 0 0 0
		*INHERIT_SCL 0 0 0
		*TM_ROW0 -0.0000	0.9275	0.3739
		*TM_ROW1 -1.0000	-0.0000	0.0000
		*TM_ROW2 0.0000	-0.3739	0.9275
		*TM_ROW3 -0.0002	61.4768	79.1405
		*TM_POS -0.0002	61.4768	79.1405
		*TM_ROTAXIS -0.1871	0.1871	-0.9644
		*TM_ROTANGLE 1.6071
		*TM_SCALE 1.0000	1.0000	1.0000
		*TM_SCALEAXIS 0.0000	0.0000	0.0000
		*TM_SCALEAXISANG 0.0000
	}
	*BOUNDINGBOX_MIN -0.5002	60.8261	78.4898
	*BOUNDINGBOX_MAX 0.4998	62.1275	79.7912
}
*HELPEROBJECT {
	*NODE_NAME "EndHead"
	*NODE_PARENT "Head"
	*HELPER_CLASS "Dummy"
	*NODE_TM {
		*NODE_NAME "EndHead"
		*INHERIT_POS 0 0 0
		*INHERIT_ROT 0 0 0
		*INHERIT_SCL 0 0 0
		*TM_ROW0 -0.0000	0.9275	0.3739
		*TM_ROW1 -1.0000	-0.0000	0.0000
		*TM_ROW2 0.0000	-0.3739	0.9275
		*TM_ROW3 -0.0003	93.9402	92.2291
		*TM_POS -0.0003	93.9402	92.2291
		*TM_ROTAXIS -0.1871	0.1871	-0.9644
		*TM_ROTANGLE 1.6071
		*TM_SCALE 1.0000	1.0000	1.0000
		*TM_SCALEAXIS 0.6606	-0.0000	-0.7507
		*TM_SCALEAXISANG 0.0000
	}
	*BOUNDINGBOX_MIN -0.5003	93.2895	91.5784
	*BOUNDINGBOX_MAX 0.4997	94.5909	92.8798
}
*HELPEROBJECT {
	*NODE_NAME "Jaw"
	*NODE_PARENT "Head"
	*HELPER_CLASS "Dummy"
	*NODE_TM {
		*NODE_NAME "Jaw"
		*INHERIT_POS 0 0 0
		*INHERIT_ROT 0 0 0
		*INHERIT_SCL 0 0 0
		*TM_ROW0 0.0000	-0.8146	0.5801
		*TM_ROW1 -1.0000	-0.0000	-0.0000
		*TM_ROW2 0.0000	-0.5801	-0.8146
		*TM_ROW3 -0.0002	70.9213	89.3984
		*TM_POS -0.0002	70.9213	89.3984
		*TM_ROTAXIS -0.6897	0.6897	-0.2205
		*TM_ROTANGLE 2.7076
		*TM_SCALE 1.0000	1.0000	1.0000
		*TM_SCALEAXIS 0.5700	0.0168	-0.8215
		*TM_SCALEAXISANG 0.0000
	}
	*BOUNDINGBOX_MIN -0.5002	70.2240	88.7011
	*BOUNDINGBOX_MAX 0.4998	71.6186	90.0957
}
*HELPEROBJECT {
	*NODE_NAME "EndJaw"
	*NODE_PARENT "Jaw"
	*HELPER_CLASS "Dummy"
	*NODE_TM {
		*NODE_NAME "EndJaw"
		*INHERIT_POS 0 0 0
		*INHERIT_ROT 0 0 0
		*INHERIT_SCL 0 0 0
		*TM_ROW0 0.0000	-0.8146	0.5801
		*TM_ROW1 -1.0000	-0.0000	-0.0000
		*TM_ROW2 0.0000	-0.5801	-0.8146
		*TM_ROW3 -0.0001	48.2558	105.5397
		*TM_POS -0.0001	48.2558	105.5397
		*TM_ROTAXIS -0.6897	0.6897	-0.2205
		*TM_ROTANGLE 2.7076
		*TM_SCALE 1.0000	1.0000	1.0000
		*TM_SCALEAXIS 0.0000	0.0000	0.0000
		*TM_SCALEAXISANG 0.0000
	}
	*BOUNDINGBOX_MIN -0.5001	47.5585	104.8423
	*BOUNDINGBOX_MAX 0.4999	48.9532	106.2370
}
*HELPEROBJECT {
	*NODE_NAME "RFeelerA"
	*NODE_PARENT "Spine"
	*HELPER_CLASS "Dummy"
	*NODE_TM {
		*NODE_NAME "RFeelerA"
		*INHERIT_POS 0 0 0
		*INHERIT_ROT 0 0 0
		*INHERIT_SCL 0 0 0
		*TM_ROW0 0.0000	-0.1124	-0.9937
		*TM_ROW1 -0.0000	-0.9937	0.1124
		*TM_ROW2 -1.0000	0.0000	-0.0000
		*TM_ROW3 -8.1989	46.7708	63.2053
		*TM_POS -8.1989	46.7708	63.2053
		*TM_ROTAXIS -0.7065	0.0398	0.7065
		*TM_ROTANGLE 3.0620
		*TM_SCALE 1.0000	1.0000	1.0000
		*TM_SCALEAXIS 0.9974	0.0719	-0.0000
		*TM_SCALEAXISANG 0.0000
	}
	*BOUNDINGBOX_MIN -8.6989	46.2178	62.6523
	*BOUNDINGBOX_MAX -7.6989	47.3239	63.7584
}
*HELPEROBJECT {
	*NODE_NAME "EndRFeelerA"
	*NODE_PARENT "RFeelerA"
	*HELPER_CLASS "Dummy"
	*NODE_TM {
		*NODE_NAME "EndRFeelerA"
		*INHERIT_POS 0 0 0
		*INHERIT_ROT 0 0 0
		*INHERIT_SCL 0 0 0
		*TM_ROW0 0.0000	-0.1124	-0.9937
		*TM_ROW1 -0.0000	-0.9937	0.1124
		*TM_ROW2 -1.0000	0.0000	-0.0000
		*TM_ROW3 -8.1988	32.7746	-60.5194
		*TM_POS -8.1988	32.7746	-60.5194
		*TM_ROTAXIS -0.7065	0.0398	0.7065
		*TM_ROTANGLE 3.0620
		*TM_SCALE 1.0000	1.0000	1.0000
		*TM_SCALEAXIS 0.9980	0.0629	-0.0000
		*TM_SCALEAXISANG 0.0000
	}
	*BOUNDINGBOX_MIN -8.6988	32.2216	-61.0725
	*BOUNDINGBOX_MAX -7.6988	33.3277	-59.9664
}
*HELPEROBJECT {
	*NODE_NAME "RFeelerB"
	*NODE_PARENT "Spine"
	*HELPER_CLASS "Dummy"
	*NODE_TM {
		*NODE_NAME "RFeelerB"
		*INHERIT_POS 0 0 0
		*INHERIT_ROT 0 0 0
		*INHERIT_SCL 0 0 0
		*TM_ROW0 0.0000	-0.1124	-0.9937
		*TM_ROW1 -0.0000	-0.9937	0.1124
		*TM_ROW2 -1.0000	0.0000	-0.0000
		*TM_ROW3 -10.9127	46.8981	64.3302
		*TM_POS -10.9127	46.8981	64.3302
		*TM_ROTAXIS -0.7065	0.0398	0.7065
		*TM_ROTANGLE 3.0620
		*TM_SCALE 1.0000	1.0000	1.0000
		*TM_SCALEAXIS 0.9974	0.0719	-0.0000
		*TM_SCALEAXISANG 0.0000
	}
	*BOUNDINGBOX_MIN -11.4127	46.3451	63.7772
	*BOUNDINGBOX_MAX -10.4127	47.4511	64.8833
}
*HELPEROBJECT {
	*NODE_NAME "EndRFeelerB"
	*NODE_PARENT "RFeelerB"
	*HELPER_CLASS "Dummy"
	*NODE_TM {
		*NODE_NAME "EndRFeelerB"
		*INHERIT_POS 0 0 0
		*INHERIT_ROT 0 0 0
		*INHERIT_SCL 0 0 0
		*TM_ROW0 0.0000	-0.1124	-0.9937
		*TM_ROW1 -0.0000	-0.9937	0.1124
		*TM_ROW2 -1.0000	0.0000	-0.0000
		*TM_ROW3 -10.9127	37.3272	-20.2748
		*TM_POS -10.9127	37.3272	-20.2748
		*TM_ROTAXIS -0.7065	0.0398	0.7065
		*TM_ROTANGLE 3.0620
		*TM_SCALE 1.0000	1.0000	1.0000
		*TM_SCALEAXIS 0.9980	0.0629	-0.0000
		*TM_SCALEAXISANG 0.0000
	}
	*BOUNDINGBOX_MIN -11.4127	36.7742	-20.8279
	*BOUNDINGBOX_MAX -10.4127	37.8803	-19.7218
}
*HELPEROBJECT {
	*NODE_NAME "RShoulder"
	*NODE_PARENT "Spine"
	*HELPER_CLASS "Dummy"
	*NODE_TM {
		*NODE_NAME "RShoulder"
		*INHERIT_POS 0 0 0
		*INHERIT_ROT 0 0 0
		*INHERIT_SCL 0 0 0
		*TM_ROW0 -0.9927	0.1199	-0.0136
		*TM_ROW1 -0.1207	-0.9864	0.1116
		*TM_ROW2 0.0000	0.1124	0.9937
		*TM_ROW3 -8.5151	43.9126	75.5519
		*TM_POS -8.5151	43.9126	75.5519
		*TM_ROTAXIS 0.0034	-0.0563	-0.9984
		*TM_ROTANGLE 3.0208
		*TM_SCALE 1.0000	1.0000	1.0000
		*TM_SCALEAXIS 0.2988	0.0067	-0.9543
		*TM_SCALEAXISANG 0.1598
	}
	*BOUNDINGBOX_MIN -9.0718	43.3032	74.9925
	*BOUNDINGBOX_MAX -7.9584	44.5219	76.1113
}
*HELPEROBJECT {
	*NODE_NAME "RArm"
	*NODE_PARENT "RShoulder"
	*HELPER_CLASS "Dummy"
	*NODE_TM {
		*NODE_NAME "RArm"
		*INHERIT_POS 0 0 0
		*INHERIT_ROT 0 0 0
		*INHERIT_SCL 0 0 0
		*TM_ROW0 -0.9978	0.0075	0.0664
		*TM_ROW1 0.0000	-0.9937	0.1124
		*TM_ROW2 0.0668	0.1122	0.9914
		*TM_ROW3 -28.2118	46.2914	75.2828
		*TM_POS -28.2118	46.2914	75.2828
		*TM_ROTAXIS -0.0334	-0.0563	-0.9979
		*TM_ROTANGLE 3.1378
		*TM_SCALE 1.0000	1.0000	1.0000
		*TM_SCALEAXIS 0.2594	-0.5063	-0.8224
		*TM_SCALEAXISANG 0.1406
	}
	*BOUNDINGBOX_MIN -28.7441	45.7347	74.6977
	*BOUNDINGBOX_MAX -27.6795	46.8480	75.8680
}
*HELPEROBJECT {
	*NODE_NAME "RForeArm"
	*NODE_PARENT "RArm"
	*HELPER_CLASS "Dummy"
	*NODE_TM {
		*NODE_NAME "RForeArm"
		*INHERIT_POS 0 0 0
		*INHERIT_ROT 0 0 0
		*INHERIT_SCL 0 0 0
		*TM_ROW0 -0.9978	0.0075	0.0664
		*TM_ROW1 0.0000	-0.9937	0.1124
		*TM_ROW2 0.0668	0.1122	0.9914
		*TM_ROW3 -57.0222	46.5083	77.2007
		*TM_POS -57.0222	46.5083	77.2007
		*TM_ROTAXIS -0.0334	-0.0563	-0.9979
		*TM_ROTANGLE 3.1378
		*TM_SCALE 1.0000	1.0000	1.0000
		*TM_SCALEAXIS 0.4618	-0.6216	-0.6327
		*TM_SCALEAXISANG 0.1116
	}
	*BOUNDINGBOX_MIN -57.5545	45.9517	76.6156
	*BOUNDINGBOX_MAX -56.4899	47.0650	77.7859
}
*HELPEROBJECT {
	*NODE_NAME "RHand"
	*NODE_PARENT "RForeArm"
	*HELPER_CLASS "Dummy"
	*NODE_TM {
		*NODE_NAME "RHand"
		*INHERIT_POS 0 0 0
		*INHERIT_ROT 0 0 0
		*INHERIT_SCL 0 0 0
		*TM_ROW0 -0.9978	0.0075	0.0664
		*TM_ROW1 0.0000	-0.9937	0.1124
		*TM_ROW2 0.0668	0.1122	0.9914
		*TM_ROW3 -121.9131	46.9970	81.5206
		*TM_POS -121.9131	46.9970	81.5206
		*TM_ROTAXIS -0.0334	-0.0563	-0.9979
		*TM_ROTANGLE 3.1378
		*TM_SCALE 1.0000	1.0000	1.0000
		*TM_SCALEAXIS 0.4618	-0.6216	-0.6327
		*TM_SCALEAXISANG 0.1116
	}
	*BOUNDINGBOX_MIN -122.4454	46.4403	80.9354
	*BOUNDINGBOX_MAX -121.3808	47.5536	82.1057
}
*HELPEROBJECT {
	*NODE_NAME "EndRHand"
	*NODE_PARENT "RHand"
	*HELPER_CLASS "Dummy"
	*NODE_TM {
		*NODE_NAME "EndRHand"
		*INHERIT_POS 0 0 0
		*INHERIT_ROT 0 0 0
		*INHERIT_SCL 0 0 0
		*TM_ROW0 -0.9978	0.0075	0.0664
		*TM_ROW1 0.0000	-0.9937	0.1124
		*TM_ROW2 0.0668	0.1122	0.9914
		*TM_ROW3 -154.6812	47.2437	83.7019
		*TM_POS -154.6812	47.2437	83.7019
		*TM_ROTAXIS -0.0334	-0.0563	-0.9979
		*TM_ROTANGLE 3.1378
		*TM_SCALE 1.0000	1.0000	1.0000
		*TM_SCALEAXIS 0.4618	-0.6216	-0.6327
		*TM_SCALEAXISANG 0.1116
	}
	*BOUNDINGBOX_MIN -155.2135	46.6870	83.1168
	*BOUNDINGBOX_MAX -154.1489	47.8004	84.2871
}
*HELPEROBJECT {
	*NODE_NAME "VriVis00"
	*NODE_PARENT "pm0123_00_strike"
	*HELPER_CLASS "Dummy"
	*NODE_TM {
		*NODE_NAME "VriVis00"
		*INHERIT_POS 0 0 0
		*INHERIT_ROT 0 0 0
		*INHERIT_SCL 0 0 0
		*TM_ROW0 1.0000	0.0000	0.0000
		*TM_ROW1 0.0000	0.9937	-0.1124
		*TM_ROW2 0.0000	0.1124	0.9937
		*TM_ROW3 0.0000	-63.7588	84.8036
		*TM_POS 0.0000	-63.7588	84.8036
		*TM_ROTAXIS 1.0000	-0.0000	-0.0000
		*TM_ROTANGLE 0.1126
		*TM_SCALE 1.0000	1.0000	1.0000
		*TM_SCALEAXIS 0.0000	0.0000	0.0000
		*TM_SCALEAXISANG 0.0000
	}
	*BOUNDINGBOX_MIN -0.5000	-64.3118	84.2506
	*BOUNDINGBOX_MAX 0.5000	-63.2057	85.3567
}
*HELPEROBJECT {
	*NODE_NAME "pm0123_00_HipSkin"
	*NODE_PARENT "VriVis00"
	*HELPER_CLASS "Dummy"
	*NODE_TM {
		*NODE_NAME "pm0123_00_HipSkin"
		*INHERIT_POS 0 0 0
		*INHERIT_ROT 0 0 0
		*INHERIT_SCL 0 0 0
		*TM_ROW0 1.0000	0.0000	0.0000
		*TM_ROW1 0.0000	0.9937	-0.1124
		*TM_ROW2 0.0000	0.1124	0.9937
		*TM_ROW3 0.0000	-63.7588	84.8036
		*TM_POS 0.0000	-63.7588	84.8036
		*TM_ROTAXIS 1.0000	-0.0000	-0.0000
		*TM_ROTANGLE 0.1126
		*TM_SCALE 1.0000	1.0000	1.0000
		*TM_SCALEAXIS 0.0000	0.0000	0.0000
		*TM_SCALEAXISANG 0.0000
	}
	*BOUNDINGBOX_MIN -0.5000	-64.3118	84.2506
	*BOUNDINGBOX_MAX 0.5000	-63.2057	85.3567
}
*HELPEROBJECT {
	*NODE_NAME "pm0123_00_BodySkin"
	*NODE_PARENT "pm0123_00_strike"
	*HELPER_CLASS "Dummy"
	*NODE_TM {
		*NODE_NAME "pm0123_00_BodySkin"
		*INHERIT_POS 0 0 0
		*INHERIT_ROT 0 0 0
		*INHERIT_SCL 0 0 0
		*TM_ROW0 1.0000	0.0000	0.0000
		*TM_ROW1 0.0000	0.9937	-0.1124
		*TM_ROW2 0.0000	0.1124	0.9937
		*TM_ROW3 0.0000	-63.7588	84.8036
		*TM_POS 0.0000	-63.7588	84.8036
		*TM_ROTAXIS 1.0000	-0.0000	-0.0000
		*TM_ROTANGLE 0.1126
		*TM_SCALE 1.0000	1.0000	1.0000
		*TM_SCALEAXIS 0.0000	0.0000	0.0000
		*TM_SCALEAXISANG 0.0000
	}
	*BOUNDINGBOX_MIN -0.5000	-64.3118	84.2506
	*BOUNDINGBOX_MAX 0.5000	-63.2057	85.3567
}
*HELPEROBJECT {
	*NODE_NAME "pm0123_00_IrisSkin"
	*NODE_PARENT "pm0123_00_strike"
	*HELPER_CLASS "Dummy"
	*NODE_TM {
		*NODE_NAME "pm0123_00_IrisSkin"
		*INHERIT_POS 0 0 0
		*INHERIT_ROT 0 0 0
		*INHERIT_SCL 0 0 0
		*TM_ROW0 1.0000	0.0000	0.0000
		*TM_ROW1 0.0000	0.9937	-0.1124
		*TM_ROW2 0.0000	0.1124	0.9937
		*TM_ROW3 0.0000	-63.7588	84.8036
		*TM_POS 0.0000	-63.7588	84.8036
		*TM_ROTAXIS 1.0000	-0.0000	-0.0000
		*TM_ROTANGLE 0.1126
		*TM_SCALE 1.0000	1.0000	1.0000
		*TM_SCALEAXIS 0.0000	0.0000	0.0000
		*TM_SCALEAXISANG 0.0000
	}
	*BOUNDINGBOX_MIN -0.5000	-64.3118	84.2506
	*BOUNDINGBOX_MAX 0.5000	-63.2057	85.3567
}
*GEOMOBJECT {
	*NODE_NAME "Scyther"
	*NODE_TM {
		*NODE_NAME "Scyther"
		*INHERIT_POS 0 0 0
		*INHERIT_ROT 0 0 0
		*INHERIT_SCL 0 0 0
		*TM_ROW0 1.0000	0.0000	0.0000
		*TM_ROW1 0.0000	-0.1124	-0.9937
		*TM_ROW2 0.0000	0.9937	-0.1124
		*TM_ROW3 0.0000	-63.7588	84.8036
		*TM_POS 0.0000	-63.7588	84.8036
		*TM_ROTAXIS 1.0000	-0.0000	-0.0000
		*TM_ROTANGLE 1.6834
		*TM_SCALE 1.0000	1.0000	1.0000
		*TM_SCALEAXIS 0.0000	0.0000	0.0000
		*TM_SCALEAXISANG 0.0000
	}
	*MESH {
		*TIMEVALUE 0
		*MESH_NUMVERTEX 2917
		*MESH_NUMFACES 5634
		*MESH_VERTEX_LIST {
			*MESH_VERTEX    0	0.0000	19.2467	87.1428
			*MESH_VERTEX    1	3.7072	19.4307	86.5300
			*MESH_VERTEX    2	0.0000	19.1167	83.0806
			*MESH_VERTEX    3	3.2490	19.2665	82.9138
			*MESH_VERTEX    4	6.7632	19.7174	85.2486
			*MESH_VERTEX    5	0.0000	18.4982	80.2226
			*MESH_VERTEX    6	8.4291	20.1027	81.3020
			*MESH_VERTEX    7	5.2262	19.4239	82.4338
			*MESH_VERTEX    8	-3.2490	19.2665	82.9138
			*MESH_VERTEX    9	-3.7072	19.4307	86.5300
			*MESH_VERTEX   10	3.2532	18.8405	80.1754
			*MESH_VERTEX   11	0.0000	18.1074	77.3555
			*MESH_VERTEX   12	5.9771	19.5951	80.1305
			*MESH_VERTEX   13	3.2960	18.6128	77.2953
			*MESH_VERTEX   14	8.7809	20.1272	77.2514
			*MESH_VERTEX   15	-6.7632	19.7174	85.2486
			*MESH_VERTEX   16	-3.2532	18.8405	80.1754
			*MESH_VERTEX   17	-0.0000	18.6959	74.3177
			*MESH_VERTEX   18	6.1236	19.5034	77.1920
			*MESH_VERTEX   19	-5.2262	19.4239	82.4338
			*MESH_VERTEX   20	-8.4291	20.1027	81.3020
			*MESH_VERTEX   21	-3.2960	18.6128	77.2953
			*MESH_VERTEX   22	3.2410	18.9551	74.2728
			*MESH_VERTEX   23	8.2572	19.9934	73.7612
			*MESH_VERTEX   24	-5.9771	19.5951	80.1305
			*MESH_VERTEX   25	3.2517	19.6464	71.1353
			*MESH_VERTEX   26	-0.0000	19.6399	70.9621
			*MESH_VERTEX   27	5.9905	19.5252	74.1547
			*MESH_VERTEX   28	-8.7809	20.1272	77.2514
			*MESH_VERTEX   29	-3.2410	18.9551	74.2728
			*MESH_VERTEX   30	3.6962	19.7719	68.9265
			*MESH_VERTEX   31	-0.0000	19.9712	68.4464
			*MESH_VERTEX   32	6.8182	19.6307	70.7104
			*MESH_VERTEX   33	5.3304	19.6688	71.9281
			*MESH_VERTEX   34	-6.1236	19.5034	77.1920
			*MESH_VERTEX   35	-3.2518	19.6464	71.1353
			*MESH_VERTEX   36	-3.6962	19.7719	68.9265
			*MESH_VERTEX   37	-8.2572	19.9934	73.7612
			*MESH_VERTEX   38	-5.3304	19.6688	71.9281
			*MESH_VERTEX   39	-5.9905	19.5252	74.1547
			*MESH_VERTEX   40	-6.8183	19.6307	70.7104
			*MESH_VERTEX   41	0.0000	15.2029	65.5572
			*MESH_VERTEX   42	7.9142	14.3917	67.2699
			*MESH_VERTEX   43	4.0872	14.9866	66.0628
			*MESH_VERTEX   44	10.8672	14.7711	70.5976
			*MESH_VERTEX   45	10.1794	12.8872	68.3395
			*MESH_VERTEX   46	0.0000	9.5695	63.1538
			*MESH_VERTEX   47	8.7464	9.1901	65.3087
			*MESH_VERTEX   48	4.5868	9.4798	63.7377
			*MESH_VERTEX   49	11.7726	15.6718	73.8679
			*MESH_VERTEX   50	11.3843	8.8142	67.5133
			*MESH_VERTEX   51	4.8690	5.2636	63.1215
			*MESH_VERTEX   52	0.0000	5.1942	62.5077
			*MESH_VERTEX   53	12.1568	16.2607	77.6379
			*MESH_VERTEX   54	13.2660	9.6422	70.3884
			*MESH_VERTEX   55	9.0926	5.4713	64.9572
			*MESH_VERTEX   56	0.0000	2.8394	62.1598
			*MESH_VERTEX   57	11.8360	16.4415	81.6256
			*MESH_VERTEX   58	14.5404	10.4843	73.9905
			*MESH_VERTEX   59	11.9659	5.7550	67.4648
			*MESH_VERTEX   60	9.3104	3.1309	64.7360
			*MESH_VERTEX   61	5.0266	2.9093	62.7776
			*MESH_VERTEX   62	10.8767	15.9254	85.1372
			*MESH_VERTEX   63	15.1091	11.1893	78.0691
			*MESH_VERTEX   64	14.0145	6.1104	70.6063
			*MESH_VERTEX   65	9.4112	2.0477	64.6336
			*MESH_VERTEX   66	5.1008	1.8009	62.6156
			*MESH_VERTEX   67	0.0000	1.7250	61.9953
			*MESH_VERTEX   68	12.4069	3.4354	67.4281
			*MESH_VERTEX   69	14.7283	11.4954	82.2737
			*MESH_VERTEX   70	15.5857	6.5393	74.3975
			*MESH_VERTEX   71	12.6061	2.3875	67.4115
			*MESH_VERTEX   72	12.2638	-5.0382	68.6572
			*MESH_VERTEX   73	9.1157	-5.4327	65.8242
			*MESH_VERTEX   74	4.9240	-5.7173	63.7806
			*MESH_VERTEX   75	13.3338	11.3393	86.0725
			*MESH_VERTEX   76	7.6467	16.4669	88.4506
			*MESH_VERTEX   77	14.5019	3.8110	70.7482
			*MESH_VERTEX   78	16.1701	7.0237	78.6799
			*MESH_VERTEX   79	0.0000	-5.8236	63.0166
			*MESH_VERTEX   80	14.7177	2.7926	70.8111
			*MESH_VERTEX   81	14.3708	-4.5626	72.0004
			*MESH_VERTEX   82	10.6205	-12.2173	70.4096
			*MESH_VERTEX   83	10.0949	14.7192	87.7336
			*MESH_VERTEX   84	16.1922	4.2506	74.6336
			*MESH_VERTEX   85	15.7872	7.5137	83.0108
			*MESH_VERTEX   86	4.1041	-13.8487	66.5949
			*MESH_VERTEX   87	16.4486	3.2831	74.7334
			*MESH_VERTEX   88	16.0366	-4.0355	75.8584
			*MESH_VERTEX   89	7.6326	-13.1855	68.2534
			*MESH_VERTEX   90	12.7097	-11.9036	73.3616
			*MESH_VERTEX   91	8.4354	12.0882	90.9009
			*MESH_VERTEX   92	11.3775	11.1285	88.9008
			*MESH_VERTEX   93	4.0259	17.3065	89.4290
			*MESH_VERTEX   94	14.7383	5.6980	87.4279
			*MESH_VERTEX   95	16.3903	5.2458	83.4306
			*MESH_VERTEX   96	16.7502	4.7461	79.0138
			*MESH_VERTEX   97	0.0000	-14.0152	65.9690
			*MESH_VERTEX   98	16.9853	3.8232	79.1492
			*MESH_VERTEX   99	16.8309	-3.4381	80.1484
			*MESH_VERTEX  100	9.4314	-15.2818	71.6871
			*MESH_VERTEX  101	13.8777	-11.5747	77.0525
			*MESH_VERTEX  102	4.4532	12.9792	92.3885
			*MESH_VERTEX  103	11.9122	8.2796	89.7815
			*MESH_VERTEX  104	14.1771	7.9521	86.8862
			*MESH_VERTEX  105	7.0742	-15.5336	69.4616
			*MESH_VERTEX  106	3.8628	-15.7331	67.6982
			*MESH_VERTEX  107	0.0000	-15.8136	66.9868
			*MESH_VERTEX  108	16.6241	4.3668	83.5933
			*MESH_VERTEX  109	16.3935	-2.8286	84.5255
			*MESH_VERTEX  110	11.3103	-14.9855	74.3061
			*MESH_VERTEX  111	14.5115	-11.2932	81.0278
			*MESH_VERTEX  112	4.6998	8.7585	94.0144
			*MESH_VERTEX  113	8.8122	8.5548	92.2141
			*MESH_VERTEX  114	12.3321	6.0425	90.4730
			*MESH_VERTEX  115	0.0000	17.4944	89.8766
			*MESH_VERTEX  116	6.2640	-18.9402	71.2143
			*MESH_VERTEX  117	3.3499	-19.7396	70.0441
			*MESH_VERTEX  118	0.0000	-20.1824	69.4596
			*MESH_VERTEX  119	14.9468	4.8605	87.6291
			*MESH_VERTEX  120	14.5573	-2.2883	88.4060
			*MESH_VERTEX  121	10.1224	-17.6017	75.1079
			*MESH_VERTEX  122	8.3990	-17.9427	72.7964
			*MESH_VERTEX  123	14.1261	-10.7948	85.0163
			*MESH_VERTEX  124	12.6210	-14.6047	77.6729
			*MESH_VERTEX  125	0.0000	13.3273	92.9805
			*MESH_VERTEX  126	9.0491	6.3328	93.0398
			*MESH_VERTEX  127	12.4830	5.2387	90.7215
			*MESH_VERTEX  128	3.0292	-23.6578	73.5406
			*MESH_VERTEX  129	0.0000	-24.2328	73.3495
			*MESH_VERTEX  130	7.3870	-20.7139	74.3867
			*MESH_VERTEX  131	13.2906	-14.1884	81.3522
			*MESH_VERTEX  132	12.6553	-9.9635	88.5472
			*MESH_VERTEX  133	0.0000	8.8351	94.6782
			*MESH_VERTEX  134	9.1318	5.5575	93.3279
			*MESH_VERTEX  135	2.7466	-26.2201	77.1152
			*MESH_VERTEX  136	0.0000	-27.0045	77.0338
			*MESH_VERTEX  137	5.6752	-22.1862	73.9248
			*MESH_VERTEX  138	7.8761	-21.5031	76.3529
			*MESH_VERTEX  139	12.8862	-13.7615	85.1259
			*MESH_VERTEX  140	11.3449	-17.6813	78.3029
			*MESH_VERTEX  141	12.0428	-1.8646	91.4484
			*MESH_VERTEX  142	4.8294	6.5397	94.8689
			*MESH_VERTEX  143	2.5200	-28.2796	80.4155
			*MESH_VERTEX  144	0.0000	-29.0755	80.4732
			*MESH_VERTEX  145	5.5919	-24.1623	76.9704
			*MESH_VERTEX  146	11.3850	-13.3958	88.3588
			*MESH_VERTEX  147	11.5523	-16.9532	85.2439
			*MESH_VERTEX  148	11.8245	-17.6653	81.7417
			*MESH_VERTEX  149	8.8432	-1.5054	94.0284
			*MESH_VERTEX  150	0.0000	6.6132	95.5179
			*MESH_VERTEX  151	2.4324	-28.5076	83.4823
			*MESH_VERTEX  152	0.0000	-29.3621	83.6517
			*MESH_VERTEX  153	5.6455	-25.7919	80.0538
			*MESH_VERTEX  154	8.3449	-22.4199	79.4269
			*MESH_VERTEX  155	10.5392	-9.3784	91.3518
			*MESH_VERTEX  156	9.4481	-13.1227	90.7726
